100 a0 2
101 a1 2
102 a2 2
103 a3 2
104 a4 2
105 a5 2
106 a6 2
107 a7 2
108 a8 2
109 a9 2
110 a10 2
111 a11 2
112 a12 2
113 a13 2
114 a14 2
115 a15 2
116 a17 1
117 a16 1
118 a14 1
119 a18 1
120 a2 1
121 a19 1
122  a20 1
123 a25 3
124 a24 3
125 a10 3
126 a23 3
127 a6 3
128 a22 3
129 a21 3
130 a26 4
131 a2 4
132 a27 4
133 a23 4
134 a9 4
135 a28 4



100 101 3
101 102 5
102 103 1
103 104 7
104 105 8
105 106 5
106 107 3
107 108 2
 108 109 1
 109 110 2
 110 111 5
111 112 6
112 113 3
113 114 2
114 115 2
115 100 8
116 117 5
117 118 3
118 119 3
119 120 4
120 121 3
121 122 2
123 124 3
124 125 2
125 126 7
126 127 5
127 128 3
130 131 4
131 132 3
132 133 4
133 134 2
134 135 3

101 100 3
102 101 5
103 102 1
104 103 7
105 104 8
106 105 5
107 106 3
108 107 2
109  108 1
110  109 2
 111  110 5
112 111  6
113 112 3
 114 113 2
 115 114 2
 100 115 8
 117 116 5
 118 117 3
119 118 3
 120 119 4
121 120 3
122 121 2
124 123 3
 125 124 2
126 125  7
 127 126 5
128 127  3
129 128 4

 131 130 4
 132 131 3
 133 132 4
 134 133 2
 135 134 3
